10
143 174 52 1 0
0 0 0
0 0 10
0 10 0
143 174 52 1 0
0 0 10
0 10 0
0 10 10

52 73 94 0 0
0 0 0
10 0 0
0 0 10
52 73 94 0 0
10 0 0
0 0 10
10 0 10

143 174 52 1 0
10 0 0
10 10 0
10 0 10
143 174 52 1 0
10 10 0
10 0 10
10 10 10

52 73 94 0 0
0 10 0
10 10 0
0 10 10
52 73 94 0 0
10 10 0
0 10 10
10 10 10

143 174 52 0 0 
0 0 10
10 0 10
0 10 10
143 174 52 0 0
10 0 10
0 10 10
10 10 10

2
255 0 0 1 0
2 2 5 2
255 0 0 1 0
7 2 5 2

1
5 9.5 5
2

1000 1000
0 0 0 10 10 0
5 5 -10


52 152 219 0 1.5
2.5 2 5 2
52 152 219 0 1.5
7.5 2 5 2
